{
  "nbformat": 4,
  "nbformat_minor": 0,
  "metadata": {
    "colab": {
      "provenance": []
    },
    "kernelspec": {
      "name": "python3",
      "display_name": "Python 3"
    },
    "language_info": {
      "name": "python"
    }
  },
  "cells": [
    {
      "cell_type": "code",
      "source": [
        "from google.colab import drive\n",
        "drive.mount('/content/drive/')"
      ],
      "metadata": {
        "id": "zPf8fwCjTUVq"
      },
      "execution_count": null,
      "outputs": []
    },
    {
      "cell_type": "code",
      "execution_count": null,
      "metadata": {
        "id": "_n1XEulC5mZ4"
      },
      "outputs": [],
      "source": [
        "import pandas as pd\n",
        "import numpy as np\n",
        "import gc\n",
        "import os\n",
        "from sklearn.preprocessing import StandardScaler\n",
        "from sklearn.decomposition import PCA\n",
        "from scipy.cluster.hierarchy import *\n",
        "from statsmodels.tsa.arima.model import ARIMA"
      ]
    },
    {
      "cell_type": "code",
      "source": [
        "m = pd.read_csv(\"/content/drive/My Drive/merged_data.csv\")"
      ],
      "metadata": {
        "id": "xIM1XoXo7Eqm"
      },
      "execution_count": null,
      "outputs": []
    },
    {
      "cell_type": "code",
      "source": [
        "m.info()"
      ],
      "metadata": {
        "colab": {
          "base_uri": "https://localhost:8080/"
        },
        "id": "odKxTXZ18Jlw",
        "outputId": "73d19740-2033-4627-f32f-ac7a317fc642"
      },
      "execution_count": null,
      "outputs": [
        {
          "output_type": "stream",
          "name": "stdout",
          "text": [
            "<class 'pandas.core.frame.DataFrame'>\n",
            "RangeIndex: 1045540 entries, 0 to 1045539\n",
            "Data columns (total 32 columns):\n",
            " #   Column                     Non-Null Count    Dtype  \n",
            "---  ------                     --------------    -----  \n",
            " 0   TRANSACTION_DATE           1045540 non-null  object \n",
            " 1   WEEK                       1045540 non-null  int64  \n",
            " 2   YEAR                       1045540 non-null  int64  \n",
            " 3   CUSTOMER_NUMBER            1045540 non-null  int64  \n",
            " 4   ORDER_TYPE                 1034409 non-null  object \n",
            " 5   ORDERED_CASES              1045540 non-null  float64\n",
            " 6   LOADED_CASES               1045540 non-null  float64\n",
            " 7   DELIVERED_CASES            1045540 non-null  float64\n",
            " 8   ORDERED_GALLONS            1045540 non-null  float64\n",
            " 9   LOADED_GALLONS             1045540 non-null  float64\n",
            " 10  DELIVERED_GALLONS          1045540 non-null  float64\n",
            " 11  PRIMARY_GROUP_NUMBER       554645 non-null   float64\n",
            " 12  FREQUENT_ORDER_TYPE        1045540 non-null  object \n",
            " 13  FIRST_DELIVERY_DATE        1045540 non-null  object \n",
            " 14  ON_BOARDING_DATE           1045540 non-null  object \n",
            " 15  COLD_DRINK_CHANNEL         1045540 non-null  object \n",
            " 16  TRADE_CHANNEL              1045540 non-null  object \n",
            " 17  SUB_TRADE_CHANNEL          1045540 non-null  object \n",
            " 18  LOCAL_MARKET_PARTNER       1045540 non-null  bool   \n",
            " 19  CO2_CUSTOMER               1045540 non-null  bool   \n",
            " 20  ZIP_CODE                   1045540 non-null  int64  \n",
            " 21  zip                        1045540 non-null  int64  \n",
            " 22  full address               1045540 non-null  object \n",
            " 23  Month                      1045540 non-null  int64  \n",
            " 24  Has Primary Group Number?  1045540 non-null  int64  \n",
            " 25  ORDERED_CASES_RANGE        1045540 non-null  object \n",
            " 26  ORDERED_GALLONS_RANGE      1045540 non-null  object \n",
            " 27  Delivery_Rate_Cases        1044300 non-null  float64\n",
            " 28  Delivery_Rate_Gallons      1044300 non-null  float64\n",
            " 29  Case_delivery_costs        1044300 non-null  float64\n",
            " 30  Gallon_delivery_costs      1044300 non-null  float64\n",
            " 31  Total_delivery_costs       1044300 non-null  float64\n",
            "dtypes: bool(2), float64(12), int64(7), object(11)\n",
            "memory usage: 241.3+ MB\n"
          ]
        }
      ]
    },
    {
      "cell_type": "markdown",
      "source": [
        "# Aggregation and type casting"
      ],
      "metadata": {
        "id": "tzZFhqAsMLDb"
      }
    },
    {
      "cell_type": "code",
      "source": [
        "annual_orders = m.groupby(['YEAR', 'CUSTOMER_NUMBER'])['ORDERED_GALLONS'].sum().reset_index()\n",
        "\n",
        "annual_orders['GT_400'] = annual_orders['ORDERED_GALLONS'] > 400\n",
        "\n",
        "m = m.merge(annual_orders[['YEAR', 'CUSTOMER_NUMBER', 'ORDERED_GALLONS', 'GT_400']], on=['YEAR', 'CUSTOMER_NUMBER'], how='left')\n",
        "\n",
        "unique_customers = m.drop_duplicates(subset=['YEAR', 'CUSTOMER_NUMBER'])"
      ],
      "metadata": {
        "id": "1smPzC-fnJh7"
      },
      "execution_count": null,
      "outputs": []
    },
    {
      "cell_type": "code",
      "source": [
        "unique_customers.info()"
      ],
      "metadata": {
        "colab": {
          "base_uri": "https://localhost:8080/"
        },
        "id": "drQ_oYGnn6Y1",
        "outputId": "59fd2000-016e-4d8a-bc79-6a661b782882"
      },
      "execution_count": null,
      "outputs": [
        {
          "output_type": "stream",
          "name": "stdout",
          "text": [
            "<class 'pandas.core.frame.DataFrame'>\n",
            "Index: 55653 entries, 0 to 1045526\n",
            "Data columns (total 34 columns):\n",
            " #   Column                     Non-Null Count  Dtype  \n",
            "---  ------                     --------------  -----  \n",
            " 0   TRANSACTION_DATE           55653 non-null  object \n",
            " 1   WEEK                       55653 non-null  int64  \n",
            " 2   YEAR                       55653 non-null  int64  \n",
            " 3   CUSTOMER_NUMBER            55653 non-null  int64  \n",
            " 4   ORDER_TYPE                 54373 non-null  object \n",
            " 5   ORDERED_CASES              55653 non-null  float64\n",
            " 6   LOADED_CASES               55653 non-null  float64\n",
            " 7   DELIVERED_CASES            55653 non-null  float64\n",
            " 8   ORDERED_GALLONS_x          55653 non-null  float64\n",
            " 9   LOADED_GALLONS             55653 non-null  float64\n",
            " 10  DELIVERED_GALLONS          55653 non-null  float64\n",
            " 11  PRIMARY_GROUP_NUMBER       23275 non-null  float64\n",
            " 12  FREQUENT_ORDER_TYPE        55653 non-null  object \n",
            " 13  FIRST_DELIVERY_DATE        55653 non-null  object \n",
            " 14  ON_BOARDING_DATE           55653 non-null  object \n",
            " 15  COLD_DRINK_CHANNEL         55653 non-null  object \n",
            " 16  TRADE_CHANNEL              55653 non-null  object \n",
            " 17  SUB_TRADE_CHANNEL          55653 non-null  object \n",
            " 18  LOCAL_MARKET_PARTNER       55653 non-null  bool   \n",
            " 19  CO2_CUSTOMER               55653 non-null  bool   \n",
            " 20  ZIP_CODE                   55653 non-null  int64  \n",
            " 21  zip                        55653 non-null  int64  \n",
            " 22  full address               55653 non-null  object \n",
            " 23  Month                      55653 non-null  int64  \n",
            " 24  Has Primary Group Number?  55653 non-null  int64  \n",
            " 25  ORDERED_CASES_RANGE        55653 non-null  object \n",
            " 26  ORDERED_GALLONS_RANGE      55653 non-null  object \n",
            " 27  Delivery_Rate_Cases        55549 non-null  float64\n",
            " 28  Delivery_Rate_Gallons      55549 non-null  float64\n",
            " 29  Case_delivery_costs        55549 non-null  float64\n",
            " 30  Gallon_delivery_costs      55549 non-null  float64\n",
            " 31  Total_delivery_costs       55549 non-null  float64\n",
            " 32  ORDERED_GALLONS_y          55653 non-null  float64\n",
            " 33  GT_400                     55653 non-null  bool   \n",
            "dtypes: bool(3), float64(13), int64(7), object(11)\n",
            "memory usage: 13.7+ MB\n"
          ]
        }
      ]
    },
    {
      "cell_type": "code",
      "source": [
        "cast = ['ORDER_TYPE', 'FREQUENT_ORDER_TYPE', 'COLD_DRINK_CHANNEL', 'TRADE_CHANNEL', 'SUB_TRADE_CHANNEL']\n",
        "for column in cast:\n",
        "    unique_customers[column] = unique_customers[column].astype('category')\n",
        "unique_customers['Has Primary Group Number?'] = unique_customers['Has Primary Group Number?'].astype('boolean')"
      ],
      "metadata": {
        "colab": {
          "base_uri": "https://localhost:8080/"
        },
        "id": "TTdH-o7qjF5B",
        "outputId": "7b3a1161-9012-4226-9620-b1af724b0d99"
      },
      "execution_count": null,
      "outputs": [
        {
          "output_type": "stream",
          "name": "stderr",
          "text": [
            "<ipython-input-94-237b3649509e>:3: SettingWithCopyWarning: \n",
            "A value is trying to be set on a copy of a slice from a DataFrame.\n",
            "Try using .loc[row_indexer,col_indexer] = value instead\n",
            "\n",
            "See the caveats in the documentation: https://pandas.pydata.org/pandas-docs/stable/user_guide/indexing.html#returning-a-view-versus-a-copy\n",
            "  unique_customers[column] = unique_customers[column].astype('category')\n",
            "<ipython-input-94-237b3649509e>:3: SettingWithCopyWarning: \n",
            "A value is trying to be set on a copy of a slice from a DataFrame.\n",
            "Try using .loc[row_indexer,col_indexer] = value instead\n",
            "\n",
            "See the caveats in the documentation: https://pandas.pydata.org/pandas-docs/stable/user_guide/indexing.html#returning-a-view-versus-a-copy\n",
            "  unique_customers[column] = unique_customers[column].astype('category')\n",
            "<ipython-input-94-237b3649509e>:3: SettingWithCopyWarning: \n",
            "A value is trying to be set on a copy of a slice from a DataFrame.\n",
            "Try using .loc[row_indexer,col_indexer] = value instead\n",
            "\n",
            "See the caveats in the documentation: https://pandas.pydata.org/pandas-docs/stable/user_guide/indexing.html#returning-a-view-versus-a-copy\n",
            "  unique_customers[column] = unique_customers[column].astype('category')\n",
            "<ipython-input-94-237b3649509e>:3: SettingWithCopyWarning: \n",
            "A value is trying to be set on a copy of a slice from a DataFrame.\n",
            "Try using .loc[row_indexer,col_indexer] = value instead\n",
            "\n",
            "See the caveats in the documentation: https://pandas.pydata.org/pandas-docs/stable/user_guide/indexing.html#returning-a-view-versus-a-copy\n",
            "  unique_customers[column] = unique_customers[column].astype('category')\n",
            "<ipython-input-94-237b3649509e>:3: SettingWithCopyWarning: \n",
            "A value is trying to be set on a copy of a slice from a DataFrame.\n",
            "Try using .loc[row_indexer,col_indexer] = value instead\n",
            "\n",
            "See the caveats in the documentation: https://pandas.pydata.org/pandas-docs/stable/user_guide/indexing.html#returning-a-view-versus-a-copy\n",
            "  unique_customers[column] = unique_customers[column].astype('category')\n",
            "<ipython-input-94-237b3649509e>:4: SettingWithCopyWarning: \n",
            "A value is trying to be set on a copy of a slice from a DataFrame.\n",
            "Try using .loc[row_indexer,col_indexer] = value instead\n",
            "\n",
            "See the caveats in the documentation: https://pandas.pydata.org/pandas-docs/stable/user_guide/indexing.html#returning-a-view-versus-a-copy\n",
            "  unique_customers['Has Primary Group Number?'] = unique_customers['Has Primary Group Number?'].astype('boolean')\n"
          ]
        }
      ]
    },
    {
      "cell_type": "markdown",
      "source": [
        "# Prep for PCA"
      ],
      "metadata": {
        "id": "8YSCKAxwMn1G"
      }
    },
    {
      "cell_type": "code",
      "source": [
        "m2 = unique_customers.drop(['ORDERED_GALLONS_x', 'DELIVERED_GALLONS', 'TRANSACTION_DATE', 'WEEK', 'YEAR', 'CUSTOMER_NUMBER', 'LOADED_CASES', 'DELIVERED_CASES','LOADED_GALLONS', 'DELIVERED_CASES', 'PRIMARY_GROUP_NUMBER', 'FIRST_DELIVERY_DATE',\n",
        "              'ON_BOARDING_DATE', 'ZIP_CODE', 'zip', 'full address', 'Month', 'ORDERED_CASES_RANGE', 'ORDERED_GALLONS_RANGE', 'Delivery_Rate_Cases', 'Delivery_Rate_Gallons', 'Case_delivery_costs',\n",
        "               'Gallon_delivery_costs', 'Total_delivery_costs'], axis = 1)"
      ],
      "metadata": {
        "id": "4nhCHFD_h5WF"
      },
      "execution_count": null,
      "outputs": []
    },
    {
      "cell_type": "code",
      "source": [
        "m2['Has Primary Group Number?'] = m2['Has Primary Group Number?'].astype('bool')\n",
        "m2.info()"
      ],
      "metadata": {
        "colab": {
          "base_uri": "https://localhost:8080/"
        },
        "id": "qB52MZ-qj7vu",
        "outputId": "9466d941-3ba3-4bdd-f7a2-e31f1d2bb08e"
      },
      "execution_count": null,
      "outputs": [
        {
          "output_type": "stream",
          "name": "stdout",
          "text": [
            "<class 'pandas.core.frame.DataFrame'>\n",
            "Index: 55653 entries, 0 to 1045526\n",
            "Data columns (total 11 columns):\n",
            " #   Column                     Non-Null Count  Dtype   \n",
            "---  ------                     --------------  -----   \n",
            " 0   ORDER_TYPE                 54373 non-null  category\n",
            " 1   ORDERED_CASES              55653 non-null  float64 \n",
            " 2   FREQUENT_ORDER_TYPE        55653 non-null  category\n",
            " 3   COLD_DRINK_CHANNEL         55653 non-null  category\n",
            " 4   TRADE_CHANNEL              55653 non-null  category\n",
            " 5   SUB_TRADE_CHANNEL          55653 non-null  category\n",
            " 6   LOCAL_MARKET_PARTNER       55653 non-null  bool    \n",
            " 7   CO2_CUSTOMER               55653 non-null  bool    \n",
            " 8   Has Primary Group Number?  55653 non-null  bool    \n",
            " 9   ORDERED_GALLONS_y          55653 non-null  float64 \n",
            " 10  GT_400                     55653 non-null  bool    \n",
            "dtypes: bool(4), category(5), float64(2)\n",
            "memory usage: 1.8 MB\n"
          ]
        }
      ]
    },
    {
      "cell_type": "markdown",
      "source": [
        "# PCA"
      ],
      "metadata": {
        "id": "UVcA4S_JMsuJ"
      }
    },
    {
      "cell_type": "code",
      "source": [
        "# Dummify factors\n",
        "df_encoded = pd.get_dummies(m2[['ORDER_TYPE', 'FREQUENT_ORDER_TYPE', 'COLD_DRINK_CHANNEL', 'TRADE_CHANNEL', 'SUB_TRADE_CHANNEL']])\n",
        "\n",
        "df_combined = pd.concat([m2.drop(columns=['ORDER_TYPE', 'FREQUENT_ORDER_TYPE', 'COLD_DRINK_CHANNEL', 'TRADE_CHANNEL', 'SUB_TRADE_CHANNEL']), df_encoded], axis=1)"
      ],
      "metadata": {
        "id": "a9aVHL4-bGwc"
      },
      "execution_count": null,
      "outputs": []
    },
    {
      "cell_type": "code",
      "source": [
        "target_variable = 'ORDERED_GALLONS_y'\n",
        "\n",
        "# Drop highly correlated features\n",
        "corr_matrix = df_combined.corr().abs()\n",
        "upper = corr_matrix.where(np.triu(np.ones(corr_matrix.shape), k=1).astype(bool))\n",
        "to_drop = [column for column in upper.columns if any(upper[column] > 0.95)]\n",
        "df_reduced = df_combined.drop(columns=to_drop)\n",
        "\n",
        "scaler = StandardScaler()\n",
        "data_scaled = scaler.fit_transform(df_reduced.drop(columns=[target_variable]))\n",
        "\n",
        "pca = PCA(n_components=8)\n",
        "data_pca = pca.fit_transform(data_scaled)\n",
        "\n",
        "pca_columns = [f'PC{i+1}' for i in range(data_pca.shape[1])]\n",
        "df_pca = pd.DataFrame(data_pca, columns=pca_columns)\n",
        "\n",
        "df_pca[target_variable] = df_combined[target_variable].values\n",
        "\n",
        "correlation_matrix = df_pca.corr()\n",
        "print(correlation_matrix)"
      ],
      "metadata": {
        "colab": {
          "base_uri": "https://localhost:8080/"
        },
        "id": "80LzLTGfcjyl",
        "outputId": "a1ec6442-630d-45da-b1db-f15ca0c1620a"
      },
      "execution_count": null,
      "outputs": [
        {
          "output_type": "stream",
          "name": "stdout",
          "text": [
            "                            PC1           PC2           PC3           PC4  \\\n",
            "PC1                1.000000e+00 -4.573825e-16 -2.315842e-16 -1.836996e-16   \n",
            "PC2               -4.573825e-16  1.000000e+00  2.773686e-16 -9.541055e-16   \n",
            "PC3               -2.315842e-16  2.773686e-16  1.000000e+00  3.443279e-17   \n",
            "PC4               -1.836996e-16 -9.541055e-16  3.443279e-17  1.000000e+00   \n",
            "PC5                2.206142e-16  2.774997e-16 -6.160648e-16  3.289445e-16   \n",
            "PC6               -2.338588e-16 -4.223422e-16 -5.874196e-16 -6.074517e-16   \n",
            "PC7                1.023427e-16  3.236157e-16  4.414379e-16  4.241650e-16   \n",
            "PC8                1.125072e-16 -3.366915e-16 -5.023885e-16 -1.381191e-17   \n",
            "ORDERED_GALLONS_y -1.493876e-01  1.343048e-01 -9.922577e-02  9.681255e-02   \n",
            "\n",
            "                            PC5           PC6           PC7           PC8  \\\n",
            "PC1                2.206142e-16 -2.338588e-16  1.023427e-16  1.125072e-16   \n",
            "PC2                2.774997e-16 -4.223422e-16  3.236157e-16 -3.366915e-16   \n",
            "PC3               -6.160648e-16 -5.874196e-16  4.414379e-16 -5.023885e-16   \n",
            "PC4                3.289445e-16 -6.074517e-16  4.241650e-16 -1.381191e-17   \n",
            "PC5                1.000000e+00  3.156605e-16  3.405866e-16 -9.708293e-17   \n",
            "PC6                3.156605e-16  1.000000e+00  3.501118e-16 -1.966423e-17   \n",
            "PC7                3.405866e-16  3.501118e-16  1.000000e+00  9.663182e-18   \n",
            "PC8               -9.708293e-17 -1.966423e-17  9.663182e-18  1.000000e+00   \n",
            "ORDERED_GALLONS_y -2.717075e-02 -3.914947e-02  8.209337e-02  1.361698e-01   \n",
            "\n",
            "                   ORDERED_GALLONS_y  \n",
            "PC1                        -0.149388  \n",
            "PC2                         0.134305  \n",
            "PC3                        -0.099226  \n",
            "PC4                         0.096813  \n",
            "PC5                        -0.027171  \n",
            "PC6                        -0.039149  \n",
            "PC7                         0.082093  \n",
            "PC8                         0.136170  \n",
            "ORDERED_GALLONS_y           1.000000  \n"
          ]
        }
      ]
    },
    {
      "cell_type": "markdown",
      "source": [
        "#### Out of 8 principle components, components 1, 2, and 8 weak slight correlation with total gallons ordered per year.  Components 2 and 8 have positive correlation, and component 1 has negative correlation."
      ],
      "metadata": {
        "id": "iY2adQcM5vJ1"
      }
    },
    {
      "cell_type": "markdown",
      "source": [
        "## Examining components"
      ],
      "metadata": {
        "id": "IVbyP2AopXIv"
      }
    },
    {
      "cell_type": "code",
      "source": [
        "loadings = pca.components_\n",
        "\n",
        "# Create a DataFrame for loadings\n",
        "loading_df = pd.DataFrame(loadings.T, columns=[f'PC{i+1}' for i in range(loadings.shape[0])], index=df_reduced.drop(columns=[target_variable]).columns)\n",
        "\n",
        "# Set a threshold for strong contributions\n",
        "threshold = 0.3\n",
        "\n",
        "# Filter the DataFrame to show only strong contributions\n",
        "strong_contributions = loading_df[(loading_df.abs() >= threshold).any(axis=1)]\n",
        "\n",
        "sorted_contributions = strong_contributions.abs().sort_values(by=strong_contributions.columns.tolist(), ascending=False)\n",
        "\n",
        "\n",
        "print(sorted_contributions)"
      ],
      "metadata": {
        "colab": {
          "base_uri": "https://localhost:8080/"
        },
        "id": "VSfeSG4tpWvm",
        "outputId": "e32fa397-5f8f-45b3-b3ea-5d53d5c2159b"
      },
      "execution_count": null,
      "outputs": [
        {
          "output_type": "stream",
          "name": "stdout",
          "text": [
            "                                          PC1       PC2       PC3       PC4  \\\n",
            "COLD_DRINK_CHANNEL_GOODS             0.411731  0.190247  0.077946  0.046308   \n",
            "COLD_DRINK_CHANNEL_DINING            0.385009  0.272364  0.090978  0.037790   \n",
            "TRADE_CHANNEL_GENERAL RETAILER       0.384616  0.174105  0.141086  0.028897   \n",
            "FREQUENT_ORDER_TYPE_SALES REP        0.097769  0.062570  0.314061  0.311853   \n",
            "COLD_DRINK_CHANNEL_EVENT             0.029753  0.431417  0.165599  0.245046   \n",
            "COLD_DRINK_CHANNEL_PUBLIC SECTOR     0.027926  0.124252  0.075321  0.095812   \n",
            "TRADE_CHANNEL_RECREATION             0.027318  0.329046  0.133965  0.287951   \n",
            "COLD_DRINK_CHANNEL_BULK TRADE        0.027301  0.127931  0.069700  0.385248   \n",
            "COLD_DRINK_CHANNEL_WORKPLACE         0.027212  0.092836  0.442414  0.023184   \n",
            "TRADE_CHANNEL_EDUCATION              0.024650  0.058678  0.085646  0.021253   \n",
            "TRADE_CHANNEL_PROFESSIONAL SERVICES  0.015124  0.051788  0.318397  0.044677   \n",
            "TRADE_CHANNEL_GENERAL                0.012814  0.131317  0.084364  0.365080   \n",
            "SUB_TRADE_CHANNEL_GAME CENTER        0.003576  0.164394  0.123101  0.049637   \n",
            "TRADE_CHANNEL_ACTIVITIES             0.002595  0.174596  0.120724  0.066983   \n",
            "\n",
            "                                          PC5       PC6       PC7       PC8  \n",
            "COLD_DRINK_CHANNEL_GOODS             0.023491  0.085487  0.075840  0.080463  \n",
            "COLD_DRINK_CHANNEL_DINING            0.122735  0.027842  0.054737  0.038710  \n",
            "TRADE_CHANNEL_GENERAL RETAILER       0.119726  0.005671  0.137389  0.031113  \n",
            "FREQUENT_ORDER_TYPE_SALES REP        0.064021  0.205782  0.005061  0.145093  \n",
            "COLD_DRINK_CHANNEL_EVENT             0.093365  0.024151  0.021575  0.056428  \n",
            "COLD_DRINK_CHANNEL_PUBLIC SECTOR     0.475093  0.070075  0.235029  0.279086  \n",
            "TRADE_CHANNEL_RECREATION             0.202915  0.037219  0.066876  0.128921  \n",
            "COLD_DRINK_CHANNEL_BULK TRADE        0.085904  0.348230  0.265865  0.142358  \n",
            "COLD_DRINK_CHANNEL_WORKPLACE         0.127417  0.200188  0.025828  0.041429  \n",
            "TRADE_CHANNEL_EDUCATION              0.324490  0.071336  0.127984  0.225728  \n",
            "TRADE_CHANNEL_PROFESSIONAL SERVICES  0.039123  0.105708  0.019595  0.057338  \n",
            "TRADE_CHANNEL_GENERAL                0.070470  0.308586  0.275297  0.146188  \n",
            "SUB_TRADE_CHANNEL_GAME CENTER        0.094433  0.102830  0.247658  0.467619  \n",
            "TRADE_CHANNEL_ACTIVITIES             0.166938  0.115448  0.308422  0.505082  \n"
          ]
        }
      ]
    },
    {
      "cell_type": "code",
      "source": [
        "resorted_contributions = strong_contributions.abs().sort_values(by=strong_contributions.columns.tolist(), ascending=True)\n",
        "print(resorted_contributions)"
      ],
      "metadata": {
        "colab": {
          "base_uri": "https://localhost:8080/"
        },
        "id": "EbAx6uJnCXTD",
        "outputId": "e15ce894-6e42-4d0f-c3a4-82c139a3a9bc"
      },
      "execution_count": null,
      "outputs": [
        {
          "output_type": "stream",
          "name": "stdout",
          "text": [
            "                                          PC1       PC2       PC3       PC4  \\\n",
            "TRADE_CHANNEL_ACTIVITIES             0.002595  0.174596  0.120724  0.066983   \n",
            "SUB_TRADE_CHANNEL_GAME CENTER        0.003576  0.164394  0.123101  0.049637   \n",
            "TRADE_CHANNEL_GENERAL                0.012814  0.131317  0.084364  0.365080   \n",
            "TRADE_CHANNEL_PROFESSIONAL SERVICES  0.015124  0.051788  0.318397  0.044677   \n",
            "TRADE_CHANNEL_EDUCATION              0.024650  0.058678  0.085646  0.021253   \n",
            "COLD_DRINK_CHANNEL_WORKPLACE         0.027212  0.092836  0.442414  0.023184   \n",
            "COLD_DRINK_CHANNEL_BULK TRADE        0.027301  0.127931  0.069700  0.385248   \n",
            "TRADE_CHANNEL_RECREATION             0.027318  0.329046  0.133965  0.287951   \n",
            "COLD_DRINK_CHANNEL_PUBLIC SECTOR     0.027926  0.124252  0.075321  0.095812   \n",
            "COLD_DRINK_CHANNEL_EVENT             0.029753  0.431417  0.165599  0.245046   \n",
            "FREQUENT_ORDER_TYPE_SALES REP        0.097769  0.062570  0.314061  0.311853   \n",
            "TRADE_CHANNEL_GENERAL RETAILER       0.384616  0.174105  0.141086  0.028897   \n",
            "COLD_DRINK_CHANNEL_DINING            0.385009  0.272364  0.090978  0.037790   \n",
            "COLD_DRINK_CHANNEL_GOODS             0.411731  0.190247  0.077946  0.046308   \n",
            "\n",
            "                                          PC5       PC6       PC7       PC8  \n",
            "TRADE_CHANNEL_ACTIVITIES             0.166938  0.115448  0.308422  0.505082  \n",
            "SUB_TRADE_CHANNEL_GAME CENTER        0.094433  0.102830  0.247658  0.467619  \n",
            "TRADE_CHANNEL_GENERAL                0.070470  0.308586  0.275297  0.146188  \n",
            "TRADE_CHANNEL_PROFESSIONAL SERVICES  0.039123  0.105708  0.019595  0.057338  \n",
            "TRADE_CHANNEL_EDUCATION              0.324490  0.071336  0.127984  0.225728  \n",
            "COLD_DRINK_CHANNEL_WORKPLACE         0.127417  0.200188  0.025828  0.041429  \n",
            "COLD_DRINK_CHANNEL_BULK TRADE        0.085904  0.348230  0.265865  0.142358  \n",
            "TRADE_CHANNEL_RECREATION             0.202915  0.037219  0.066876  0.128921  \n",
            "COLD_DRINK_CHANNEL_PUBLIC SECTOR     0.475093  0.070075  0.235029  0.279086  \n",
            "COLD_DRINK_CHANNEL_EVENT             0.093365  0.024151  0.021575  0.056428  \n",
            "FREQUENT_ORDER_TYPE_SALES REP        0.064021  0.205782  0.005061  0.145093  \n",
            "TRADE_CHANNEL_GENERAL RETAILER       0.119726  0.005671  0.137389  0.031113  \n",
            "COLD_DRINK_CHANNEL_DINING            0.122735  0.027842  0.054737  0.038710  \n",
            "COLD_DRINK_CHANNEL_GOODS             0.023491  0.085487  0.075840  0.080463  \n"
          ]
        }
      ]
    },
    {
      "cell_type": "markdown",
      "source": [
        "#### The strongest contributors to the most significant component are customers belonging to cold drink channels \"dining\", \"goods\", and the \"general retailer\" trade channel."
      ],
      "metadata": {
        "id": "R3F-GpK5sVeY"
      }
    },
    {
      "cell_type": "markdown",
      "source": [
        "# Plotting components"
      ],
      "metadata": {
        "id": "09yhAGA1O7PF"
      }
    },
    {
      "cell_type": "code",
      "source": [
        "import matplotlib.pyplot as plt\n",
        "\n",
        "# Explained variance\n",
        "explained_variance = pca.explained_variance_ratio_\n",
        "\n",
        "# Scree plot\n",
        "plt.figure(figsize=(10, 6))\n",
        "plt.plot(np.arange(1, len(explained_variance) + 1), explained_variance, 'o-', linewidth=2, color='blue')\n",
        "plt.title('Scree Plot')\n",
        "plt.xlabel('Principal Component')\n",
        "plt.ylabel('Explained Variance Ratio')\n",
        "plt.show()\n"
      ],
      "metadata": {
        "colab": {
          "base_uri": "https://localhost:8080/",
          "height": 564
        },
        "id": "AotlzOXEO7fj",
        "outputId": "ff829e7a-200e-48f9-8b0e-086c8a6d190d"
      },
      "execution_count": null,
      "outputs": [
        {
          "output_type": "display_data",
          "data": {
            "text/plain": [
              "<Figure size 1000x600 with 1 Axes>"
            ],
